itemCF:[0.09583333333333333, 0.09490740740740741, 0.09351851851851851, 0.08935185185185184, 0.08518518518518518, 0.07407407407407407, 0.05, 0.02638888888888889, 0.008796296296296297, 0.0041666666666666675]
item2vec:[0.43611111111111117, 0.43611111111111117, 0.43472222222222223, 0.4305555555555556, 0.4166666666666667, 0.3819444444444444, 0.30972222222222223, 0.18981481481481483, 0.09675925925925927, 0.033796296296296297]
LFM:[0.04088397790055249, 0.04077348066298343, 0.0407182320441989, 0.04055248618784531, 0.04022099447513812, 0.03968692449355433, 0.038587213891081294, 0.036505524861878455, 0.03378759975445058, 0.03087292817679558]
NCF(new):[0.14497816593886464, 0.1388646288209607, 0.14716157205240177, 0.1388646288209607, 0.14148471615720526, 0.1502183406113537, 0.13799126637554585, 0.1318777292576419, 0.10218340611353711, 0.06578366445916115]
NCF(old):[0.18340611353711792, 0.17292576419213973, 0.16331877729257643, 0.1646288209606987, 0.15938864628820962, 0.14890829694323146, 0.1427947598253275, 0.07554585152838426, 0.03449781659388646, 0.011920529801324504]